caivar=0.000005
caovar=1.800000
