caivar=0.000003
caovar=1.100000
