caivar=0.000004
caovar=1.500000
