caivar=0.000002
caovar=0.800000
