caivar=0.000003
caovar=1.300000
