caivar=0.000005
caovar=2.000000
