caivar=0.000001
caovar=0.300000
