caivar=0.000000
caovar=0.010000
